O-POSITRON E+
# 
20
1 0 9
14630.00000000 0.00009200
2191.00000000 0.00071300
498.20000000 0.00373500
140.90000000 0.01546800
45.86000000 0.05287400
16.47000000 0.14569400
6.31900000 0.30268100
2.53500000 0.40493600
1.03500000 0.22238700
2 0 9
14630.00000000 -0.00001700
2191.00000000 -0.00013000
498.20000000 -0.00067900
140.90000000 -0.00285700
45.86000000 -0.00981300
16.47000000 -0.02860900
6.31900000 -0.06376000
2.53500000 -0.11723100
1.03500000 -0.12120200
3 0 1
0.25280000 1.00000000
4 0 1
0.10520000 1.00000000
5 0 1
0.04261000 1.00000000
6 0 1
0.01439000 1.00000000
7 1 3
14.03000000 0.00409900
3.16800000 0.02562600
0.90240000 0.10376800
8 1 1
0.30360000 1.00000000
9 1 1
0.11300000 1.00000000
10 1 1
0.04286000 1.00000000
11 1 1
0.00650000 1.00000000
12 2 1
1.07200000 1.00000000
13 2 1
0.44100000 1.00000000
14 2 1
0.18110000 1.00000000
15 2 1
0.05540000 1.00000000
16 3 1
0.48100000 1.00000000
17 3 1
0.25500000 1.00000000
18 3 1
0.09300000 1.00000000
19 4 1
0.41500000 1.00000000
20 4 1
0.18340000 1.00000000
