O-POSITRON E+ BASIS TYPE:2
#
20
1 0 1
3.2476950000	1.000
1 0 1	
1.0825650000	1.000
1 0 1	
0.3608550000	1.000
1 0 1	
0.1202850000	1.000
1 0 1	
0.0400950000	1.000
1 0 1	
0.0133650000	1.000
1 0 1	
0.0044550000	1.000
1 0 1	
0.0014850000	1.000
1 1 1	
1.0980089379	1.000
1 1 1	
0.3660029793	1.000
1 1 1	
0.1220009931	1.000
1 1 1	
0.0406669977	1.000
1 1 1	
0.0135556659	1.000
1 2 1	
0.3660030036	1.000
1 2 1	
0.1220010012	1.000
1 2 1	
0.0406670004	1.000
1 3 1	
0.3660030036	1.000
1 3 1	
0.1220010012	1.000
1 3 1	
0.0406670004	1.000
1 4 1	
0.3660030036	1.000
