O-POSITRON E+ (CL-AUG-CC-PVQZ) BASIS TYPE:2 
# 
22
1 0 13
834900.00000000 0.00002317
125000.00000000 0.00018015
28430.00000000 0.00094778
8033.00000000 0.00400139
2608.00000000 0.01446290
933.90000000 0.04565860
360.00000000 0.12324800
147.00000000 0.26436900
62.88000000 0.38298900
27.60000000 0.27093400
11.08000000 0.04714040
5.07500000 -0.00371766
2.27800000 0.00219158
2 0 13
834900.00000000 -0.00000650
125000.00000000 -0.00005049
28430.00000000 -0.00026611
8033.00000000 -0.00112499
2608.00000000 -0.00410497
933.90000000 -0.01319870
360.00000000 -0.03753420
147.00000000 -0.08972330
62.88000000 -0.16767100
27.60000000 -0.17476300
11.08000000 0.11490900
5.07500000 0.56361800
2.27800000 0.44160600
3 0 13
834900.00000000 0.00000197
125000.00000000 0.00001526
28430.00000000 0.00008061
8033.00000000 0.00033996
2608.00000000 0.00124551
933.90000000 0.00399612
360.00000000 0.01147510
147.00000000 0.02755040
62.88000000 0.05329170
27.60000000 0.05712460
11.08000000 -0.03952010
5.07500000 -0.26434300
2.27800000 -0.34929100
4 0 1
0.77750000 1.00000000
5 0 1
0.35270000 1.00000000
6 0 1
0.14310000 1.00000000
7 0 1
0.05190000 1.00000000
8 1 8
1703.00000000 0.00047404
403.60000000 0.00406412
130.30000000 0.02133550
49.05000000 0.07946110
20.26000000 0.20892700
8.78700000 0.36494500
3.91900000 0.37172500
1.76500000 0.14629200
9 1 8
1703.00000000 -0.00012827
403.60000000 -0.00109356
130.30000000 -0.00583429
49.05000000 -0.02192580
20.26000000 -0.06013850
8.78700000 -0.10692900
3.91900000 -0.12245400
1.76500000 0.03836190
10 1 1
0.72070000 1.00000000
11 1 1
0.28390000 1.00000000
12 1 1
0.10600000 1.00000000
13 1 1
0.03760000 1.00000000
14 2 1
0.25400000 1.00000000
15 2 1
0.62800000 1.00000000
16 2 1
1.55100000 1.00000000
17 2 1
0.09520000 1.00000000
18 3 1
0.42300000 1.00000000
19 3 1
1.08900000 1.00000000
20 3 1
0.21700000 1.00000000
21 4 1
0.82700000 1.00000000
22 4 1
0.37800000 1.00000000


