O-HYDROGEN E+ (AUG-CC-PVQZ) BASIS TYPE: 1
# 
20
1 0 9
6601.00000000 0.00011700
989.70000000 0.00091100
225.70000000 0.00472800
64.29000000 0.01919700
21.18000000 0.06304700
7.72400000 0.16320800
3.00300000 0.31482700
1.21200000 0.39393600
0.49300000 0.19691800
2 0 9
6601.00000000 -0.00001800
989.70000000 -0.00014200
225.70000000 -0.00074100
64.29000000 -0.00302000
21.18000000 -0.01012300
7.72400000 -0.02709400
3.00300000 -0.05735900
1.21200000 -0.09389500
0.49300000 -0.12109100
3 0 1
0.09515000 1.00000000
4 0 1
0.04791000 1.00000000
5 0 1
0.02220000 1.00000000
6 0 1
0.00636000 1.00000000
7 1 3
6.25000000 0.00338800
1.37000000 0.01931600
0.36720000 0.07910400
8 1 1
0.11920000 1.00000000
9 1 1
0.04474000 1.00000000
10 1 1
0.01795000 1.00000000
11 1 1
0.00756000 1.00000000
12 2 1
0.34400000 1.00000000
13 2 1
0.15300000 1.00000000
14 2 1
0.06800000 1.00000000
15 2 1
0.02660000 1.00000000
16 3 1
0.24600000 1.00000000
17 3 1
0.12920000 1.00000000
18 3 1
0.05520000 1.00000000
19 4 1
0.23800000 1.00000000
20 4 1
0.10500000 1.00000000


