O-POSITRON E+ (MG-AUG-CC-PVQZ) BASIS TYPE:2 
# 
22
1 0 13
327600.00000000 0.00003096
49050.00000000 0.00024095
11150.00000000 0.00126660
3152.00000000 0.00533359
1025.00000000 0.01907700
368.80000000 0.05880580
143.20000000 0.15145400
58.96000000 0.30071600
25.40000000 0.38114900
11.15000000 0.21358400
4.00400000 0.02312100
1.70100000 -0.00230757
0.70600000 0.00128900
2 0 13
327600.00000000 -0.00000783
49050.00000000 -0.00006079
11150.00000000 -0.00032120
3152.00000000 -0.00134955
1025.00000000 -0.00490570
368.80000000 -0.01535610
143.20000000 -0.04234090
58.96000000 -0.09406030
25.40000000 -0.16342500
11.15000000 -0.12475400
4.00400000 0.23562300
1.70100000 0.57756300
0.70600000 0.33523200
3 0 13
327600.00000000 0.00000151
49050.00000000 0.00001171
11150.00000000 0.00006190
3152.00000000 0.00026009
1025.00000000 0.00094622
368.80000000 0.00296595
143.20000000 0.00821245
58.96000000 0.01839770
25.40000000 0.03266570
11.15000000 0.02573150
4.00400000 -0.05353510
1.70100000 -0.15689500
0.70600000 -0.20665900
4 0 1
0.14100000 1.00000000
5 0 1
0.06808000 1.00000000
6 0 1
0.03063000 1.00000000
7 0 1
0.01239000 1.00000000
8 1 9
539.60000000 0.00083397
127.90000000 0.00689215
41.02000000 0.03378740
15.25000000 0.11440100
6.16600000 0.25951400
2.56100000 0.38509500
1.06000000 0.33537300
0.41760000 0.11064100
0.26900000 -0.01213150
9 1 9
539.60000000 -0.00013208
127.90000000 -0.00109538
41.02000000 -0.00539495
15.25000000 -0.01855720
6.16600000 -0.04273750
2.56100000 -0.06476840
1.06000000 -0.06278180
0.41760000 -0.02449120
0.26900000 0.10476100
10 1 1
0.12230000 1.00000000
11 1 1
0.05476000 1.00000000
12 1 1
0.02388000 1.00000000
13 1 1
0.00706000 1.00000000
14 2 1
0.10600000 1.00000000
15 2 1
0.19440000 1.00000000
16 2 1
0.35700000 1.00000000
17 2 1
0.03820000 1.00000000
18 3 1
0.18100000 1.00000000
19 3 1
0.35900000 1.00000000
20 3 1
0.07000000 1.00000000
21 4 1
0.30700000 1.00000000
22 4 1
0.14800000 1.00000000


